0.00047688   0.00001871995789559552
0.0005960499999999999   0.00001824301629316015
0.0007152499999999999   0.00001788531009133314
0.0009536199999999999   0.0000169314268864624
0.0011921   0.00001609677908220002
0.001430499999999999   0.00001526213127793763
0.001907499999999999   0.00001359283566941353
0.002383699999999999   0.01193558283635024
0.0028611   0.00001013500905175564
0.003814999999999999   0.01193081342032589
0.004768399999999999   3.338591217048879e-6
0.0057222   0.
0.007629999999999999   0.01191650517225282
0.009536299999999999   0.01190935104821629
0.01144399999999999   0.01190338927818584
0.015262   0.02381262109100152
0.019074   0.0118759651360458
0.022889   0.03570873700975023
0.030512   0.04760604528250503
0.03815   0.04757862114036499
0.04577699999999999   0.04755119699822494
0.06103499999999999   0.0832669688966111
0.0763   0.09513685302722584
0.09155499999999999   0.1070055448038345
0.12207   0.1903558592454712
0.15262   0.2021720874458119
0.1831099999999999   0.2139883156461527
0.24412   0.3210855524730554
0.30512   0.3327944688128482
0.3662199999999999   0.3564150016734687
0.48825   0.4156034545357205
0.61038   0.4270858236143563
0.7324399999999999   0.4385801162330531
0.97663   0.4854038580521632
1.2208   0.4845334396277183
1.4648   0.4955746377241013
1.9537   0.5415279611187665
2.4413   0.5397871242698768
2.9297   0.5261227473600983
3.9062   0.5941823140276513
4.8825   0.5906887167898109
5.859399999999999   0.5991305831529201
7.8125   0.6398494724608552
9.766199999999999   0.644797741586124
11.71899999999999   0.6616814743123425
15.625   0.6954250926846576
19.53699999999999   0.7291567875169119
23.437   0.7271536327866826
39.06199999999999   0.7786871729298438
46.875   0.7746450928492025
62.5   0.86194925317503
78.125   0.865800556614697
93.75   0.8815634765751919
125.   0.996554096922403
156.25   0.9923093166607266
187.5   1.